20170129021749
20170129061749
20170129103404
20170129143457
20170129183546
20170129223633
20170130023724
20170130063819
20170130111757
20170130151856
20170130191950
20170130232036
20170131032127
20170131072219
20170131115239
20170131155306
20170131195321
20170131235347
20170201035408
20170201075428
20170201124206
20170201164228
20170201204249
20170202004323
20170202044328
20170202084357
20170202133019
20170202173039
20170202213058
20170203013131
20170203053151
20170203093211
20170203135514
20170203175620
20170203215712
20170204015812
20170204055907
20170204100003
20170204144400
20170204184422
20170204224438
20170205024455
20170205064513
20170205104532
20170205150120
20170205190135
20170205230145
20170206030200
20170206070214
20170206110227
20170206151649
20170206191742
20170206231835
20170207031934
20170207072004
20170207112110
20170207153940
20170207194000
20170207234040
20170208034119
20170208074123
20170208114138
20170208162235
20170208202258
20170209002328
20170209042410
20170209082415
20170209122515
20170209173440
20170209213506
20170210013508
20170210053523
20170210093525
20170210133613
20170210174718
20170210214740
20170211014812
20170211054813
20170211094859
20170211134915
20170211182514
20170211222535
20170212022614
20170212062636
20170212211102
20170213011122
20170213051128
20170213231617
20170214031645
20170214071734
20170214111759
20170214151817
20170214191826
20170215001526
20170215041548
20170215081627
20170215121645
20170215161728
20170215201828
20170216010439
20170216050542
20170216090616
20170216130704
20170216170754
20170216210844
20170217013044
20170217053138
20170217093226
20170217133315
20170217182048
20170217213454
20170218014927
20170218055019
20170218095106
20170218135156
20170218175240
20170218215326
20170219022427
20170219062522
20170219102611
20170219142659
20170219182753
20170219222842
20170220025120
20170220065130
20170220105135
20170220145233
20170220185326
20170220225344
20170221034920
20170221074942
20170221114952
20170221154952
20170221194955
20170221235013
20170222042503
20170222082610
20170222122637
20170222162739
20170222203325
20170223002829
20170223050057
20170223090156
20170223130255
20170223170255
20170223210339
20170224010258
20170224010439
20170224050351
20170225014538
20170225054543
20170225094636
20170225134734
20170225174829
20170225214917
20170226024142
20170226064235
20170226104329
20170226144424
20170226184524
20170226224618
20170227030447
20170227070459
20170227110512
20170227150610
20170227190614
20170227230613
20170228033144
20170228073147
20170228113148
20170228153249
20170228193341
20170228233436
20170301034832
20170301074922
20170301115007
20170301155057
20170301195139
20170301235223
20170302042521
20170302082530
20170302122607
20170302162620
20170302202621
20170303002622
20170303050728
20170303090837
20170303134401
20170303170932
20170303211018
20170304011020
20170304052118
20170304092154
20170304132221
20170304172238
20170304212303
20170305012322
20170305055529
20170305095544
20170305135622
20170305175624
20170305215714
20170306015813
20170306063555
20170306103656
20170306143706
20170306183718
20170306223729
20170307023751
20170307065231
20170307105337
20170307145429
20170307185523
20170307225536
20170308025635
20170308074004
20170308114056
20170308154143
20170308194228
20170308234317
20170309034406
20170309082842
20170309122943
20170309163024
20170309203118
20170310003524
20170310043300
20170310090207
20170310130302
20170310170353
20170310210450
20170311010543
20170311050556
20170311095418
20170311135514
20170311175611
20170311215710
20170312015745
20170312055838
20170312103330
20170312143434
20170312183449
20170312223547
20170313023646
20170313063646
20170313105916
20170313145920
20170313190016
20170313230112
20170314030210
20170314070301
20170314114500
20170314154555
20170314194642
20170314234735
20170315034824
20170315074922
20170315120305
20170315160355
20170315200440
20170316000537
20170316040619
20170316080714
20170316122648
20170316162722
20170316202742
20170317002810
20170317042820
20170317082832
20170317131721
20170317171817
20170317222448
20170318012044
20170318052001
20170318092007
20170318133127
20170318173130
20170318213132
20170319013145
20170319053150
20170319093159
20170319141723
20170319181731
20170319221824
20170320021915
20170320062010
20170320102103
20170320145133
20170320185224
20170320225317
20170321025404
20170321065451
20170321105546
20170321151416
20170321191506
20170321231609
20170322031648
20170322071738
20170322111828
20170322160401
20170322200502
20170323000553
20170323040645
20170323080736
20170323120926
20170323163103
20170323203159
20170324003244
20170324043333
20170324083419
20170324123507
20170324165647
20170324205703
20170325005746
20170325045751
20170325085758
20170325125804
20170325174320
20170325214413
20170326014506
20170326054558
20170326094649
20170326134739
20170326223135
20170327023241
20170327063324
20170327103417
20170327143512
20170327183554
20170327230132
20170328030233
20170328070331
20170328110338
20170328150344
20170328190449
20170328234723
20170329034824
20170329074915
20170329115008
20170329155018
20170329195105
20170330011854
20170330051953
20170330092009
20170330132015
20170330172013
20170330212112
20170331020622
20170331060716
20170331100806
20170331140849
20170331180904
20170331220949
20170401023218
20170401063314
20170401103406
20170401143503
20170401183603
20170401223647
20170402031848
20170402071935
20170402112021
20170402152121
20170402192125
20170402232123
20170403035525
20170403075626
20170403115718
20170403155805
20170403195859
20170403235934
20170404042739
20170404082827
20170404122917
20170404162958
20170404203039
20170405003129
20170405050022
20170405090122
20170405130210
20170406021933
20170406062031
20170406102124
20170407030055
20170407070103
20170407110202
20170407150210
20170407190209
20170407230303
20170412174713
20170412214814
20170413014818
20170413054833
20170413094852
20170413134859
20170413181218
20170413221235
20170414021249
20170414061300
20170414101325
20170414141350
20170414185451
20170414225502
20170415025501
20170415065510
20170415105513
20170415145515
20170415191042
20170415231135
20170416031232
20170416071325
20170416111413
20170416151500
20170416192732
20170416232818
20170417032904
20170417072954
20170417113037
20170417153122
20170417194230
20170417234329
20170418034426
20170418074432
20170418114458
20170418154534
20170418202505
20170419002532
20170419042620
20170419082640
20170419122643
20170419162646
20170419210316
20170420010318
20170420050320
20170420090448
20170420130406
20170420170500
20170420211314
20170421015918
20170421051448
20170421091533
20170421225235